[gd_scene load_steps=6 format=3 uid="uid://cvw7y0racr3ff"]

[ext_resource type="PackedScene" uid="uid://dwmgssh8xqer1" path="res://models/rook_room/rook_room.glb" id="1_sdyja"]
[ext_resource type="Script" path="res://scripts/Room.gd" id="2_6c0qc"]
[ext_resource type="AudioStream" uid="uid://be4xjx1iwh2g4" path="res://music/rook_room.ogg" id="3_73glp"]
[ext_resource type="AnimationLibrary" uid="uid://bpu4w87fvtjla" path="res://music/music_animations.res" id="4_0s5tk"]

[sub_resource type="Environment" id="Environment_7kxns"]
background_energy_multiplier = 0.5
reflected_light_source = 1

[node name="Rook Room" instance=ExtResource("1_sdyja")]
script = ExtResource("2_6c0qc")

[node name="WorldEnvironment" type="WorldEnvironment" parent="." index="1"]
environment = SubResource("Environment_7kxns")

[node name="Room Light" type="OmniLight3D" parent="." index="2"]
transform = Transform3D(1, 0, 0, 0, 1, 0, 0, 0, 1, -3.87489, 1.37741, -4.73954)
omni_range = 4.5
omni_attenuation = 1.10957

[node name="Window Light" type="SpotLight3D" parent="." index="3"]
transform = Transform3D(1, 0, 0, 0, -0.377178, 0.926141, 0, -0.926141, -0.377178, -4.78154, 3.21436, -10.0198)
light_energy = 2.0
spot_range = 4.0
spot_attenuation = 0.482968
spot_angle = 25.0

[node name="Window Highlight" type="SpotLight3D" parent="." index="4"]
transform = Transform3D(1, 0, 0, 0, 0.993238, -0.116099, 0, 0.116099, 0.993238, -4.78154, 1.51177, -8.96898)
spot_range = 3.60784
spot_attenuation = 0.482968
spot_angle = 52.27

[node name="Player Position" type="Node3D" parent="." index="5"]
transform = Transform3D(0.726898, 0, 0.686745, 0, 1, 0, -0.686745, 0, 0.726898, -3.23101, 0, -6.08612)

[node name="AudioStreamPlayer" type="AudioStreamPlayer" parent="." index="6"]
stream = ExtResource("3_73glp")
bus = &"Music"

[node name="AnimationPlayer" type="AnimationPlayer" parent="." index="7"]
libraries = {
"music_animations": ExtResource("4_0s5tk")
}
